general_space
x0 3
data 30
8.66193472492956 651487.154041207
7.18873925336235 212971.329237928
5.90544949724267 65508.5091318416
5.51149843022526 43314.9366574237
4.72872429996227 17317.5329342048
4.60642896878119 14807.6465844168
4.08101452970316 7193.18232271083
4.06882339743988 7066.35249000136
3.77606184764746 4537.63239551318
3.57523155547559 3286.81201592785
3.50336323968092 2917.06129965186
3.35029012490804 2246.0370315643
3.32698113647408 2156.48765409137
3.25198288885099 1888.83870825463
3.21525020465081 1768.54398388806
3.14358006455397 1552.7793411191
3.09792109038301 1427.56837987371
3.06752336971826 1349.16998328972
3.04970981513687 1304.9969033809
3.03589863036552 1271.62466362051
3.02760476311574 1251.94534243215
3.02614553109603 1248.51070008359
3.02274973055027 1240.54986344899
3.02251964798573 1240.01209087186
3.01605089593469 1224.9761296575
3.01409570421293 1220.46308874667
3.00978156991512 1210.55666328609
3.00929490837154 1209.44360075868
3.00804250988712 1206.58332385149
3.00623726419041 1202.47088906967

note: reference result is 1.18835674225255E+03